   0.0000000000000000                            NaN



   1.0000000000000000E-002  -3.9270813085515785E+290



   2.0000000000000000E-002  -8.0424213582629777E+293



   2.9999999999999999E-002  -6.9561507400628986E+295



   4.0000000000000001E-002  -1.6468906309913194E+297



   5.0000000000000003E-002  -1.9170611570798047E+298



   5.9999999999999998E-002  -1.4242367202662121E+299



   7.0000000000000007E-002  -7.7614142270642306E+299



   8.0000000000000002E-002  -3.3712257418105720E+300



   8.9999999999999997E-002  -1.2313819084118348E+301



  0.10000000000000001       -3.9232326986896291E+301



  0.11000000000000000       -1.1191139741994618E+302



  0.12000000000000000       -2.9137421522526741E+302



  0.13000000000000000       -7.0263364625996356E+302



  0.14000000000000001       -1.5872570660885458E+303



  0.14999999999999999       -3.3893921744756202E+303



  0.16000000000000000       -6.8914293595501316E+303



  0.17000000000000001       -1.3421212298577678E+304



  0.17999999999999999       -2.5159848819798407E+304



  0.19000000000000000       -4.5587929116233626E+304



  0.20000000000000001       -8.0118552764841776E+304



  0.20999999999999999       -1.3697823820322731E+305



  0.22000000000000000       -2.2841179082109967E+305



  0.23000000000000001       -3.7230480503406762E+305



  0.23999999999999999       -5.9433795200356483E+305



  0.25000000000000000       -9.3081085252281256E+305



  0.26000000000000001       -1.4323004627550406E+306



  0.27000000000000002       -2.1683498322756238E+306



  0.28000000000000003       -3.2334181674145154E+306



  0.28999999999999998       -4.7543627017448294E+306



  0.29999999999999999       -6.8997673091552859E+306



  0.31000000000000000       -9.8914824793197381E+306



  0.32000000000000001       -1.4018796614012875E+307



  0.33000000000000002       -1.9655720017508563E+307



  0.34000000000000002       -2.7281930886694592E+307



  0.35000000000000003       -3.7508007518897234E+307



  0.35999999999999999       -5.1105653332510369E+307



  0.37000000000000000       -6.9043711646317451E+307



  0.38000000000000000       -9.2530866022982910E+307



  0.39000000000000001       -1.2306602991407179E+308



  0.40000000000000002       -1.6249754694253081E+308



  0.41000000000000003                      -Infinity



  0.41999999999999998                      -Infinity



  0.42999999999999999                      -Infinity



  0.44000000000000000                      -Infinity



  0.45000000000000001                      -Infinity



  0.46000000000000002                      -Infinity



  0.47000000000000003                      -Infinity



  0.47999999999999998                      -Infinity



  0.48999999999999999                      -Infinity



  0.50000000000000000                      -Infinity



  0.51000000000000001                      -Infinity



  0.52000000000000002                      -Infinity



  0.53000000000000003                      -Infinity



  0.54000000000000004                      -Infinity



  0.55000000000000004                      -Infinity



  0.56000000000000005                            NaN



  0.57000000000000006                            NaN



  0.57999999999999996                            NaN



  0.58999999999999997                            NaN



  0.59999999999999998                            NaN



  0.60999999999999999                            NaN



  0.62000000000000000                            NaN



  0.63000000000000000                            NaN



  0.64000000000000001                            NaN



  0.65000000000000002                            NaN



  0.66000000000000003                            NaN



  0.67000000000000004                            NaN



  0.68000000000000005                            NaN



  0.69000000000000006                            NaN



  0.70000000000000007                            NaN



  0.70999999999999996                            NaN



  0.71999999999999997                            NaN



  0.72999999999999998                            NaN



  0.73999999999999999                            NaN



  0.75000000000000000                            NaN



  0.76000000000000001                            NaN



  0.77000000000000002                            NaN



  0.78000000000000003                            NaN



  0.79000000000000004                            NaN



  0.80000000000000004                            NaN



  0.81000000000000005                            NaN



  0.82000000000000006                            NaN



  0.83000000000000007                            NaN



  0.83999999999999997                            NaN



  0.84999999999999998                            NaN



  0.85999999999999999                            NaN



  0.87000000000000000                            NaN



  0.88000000000000000                            NaN



  0.89000000000000001                            NaN



  0.90000000000000002                            NaN



  0.91000000000000003                            NaN



  0.92000000000000004                            NaN



  0.93000000000000005                            NaN



  0.94000000000000006                            NaN



  0.95000000000000007                            NaN



  0.95999999999999996                            NaN



  0.96999999999999997                            NaN



  0.97999999999999998                            NaN



  0.98999999999999999                            NaN



   1.0000000000000000                            NaN



